camera_matrix:
- - 392.1886639265414
  - 0.0
  - 336.9651529544605
- - 0.0
  - 393.3421775402501
  - 224.671470427803
- - 0.0
  - 0.0
  - 1.0
dist_coeff:
- - -0.15527579825430923
  - 0.6971721297919653
  - -0.008073108672042927
  - -0.011166890617627495
  - -0.7304584601368181
